1460116896.000000, IBI
22.657287,0.796911
23.391696,0.734409
24.157356,0.765660
24.891764,0.734409
25.579296,0.687531
26.313704,0.734409
27.079365,0.765660
31.313933,0.828163
32.063968,0.750034
32.907756,0.843789
33.907802,1.000046
39.329925,0.921917
40.267468,0.937543
41.033128,0.765660
41.955045,0.921917
42.876963,0.921917
43.673874,0.796911
44.580166,0.906291
45.611463,1.031297
46.470877,0.859414
47.361543,0.890666
59.221461,0.859414
60.159004,0.937543
61.112172,0.953169
61.924710,0.812537
62.831001,0.906291
63.690415,0.859414
64.596707,0.906291
65.362367,0.765660
91.332306,0.843789
92.207346,0.875040
93.238643,1.031297
118.427296,0.937543
134.506157,0.796911
135.459325,0.953169
154.694581,0.828163
155.475867,0.781286
160.679230,0.953169
161.616773,0.937543
162.632444,1.015671
163.444981,0.812537
164.382524,0.937543
165.179436,0.796911
169.148367,0.859414
169.960905,0.812537
170.789068,0.828163
171.757862,0.968794
172.679779,0.921917
173.476691,0.796911
174.476736,1.000046
180.023865,1.000046
180.805151,0.781286
181.711442,0.906291
182.648985,0.937543
183.711534,1.062549
184.680328,0.968794
197.430912,0.671906
217.072436,0.953169
217.916225,0.843789
218.697510,0.781286
219.478796,0.781286
220.431965,0.953169
221.463262,1.031297
226.150977,0.781286
226.916637,0.765660
235.292020,0.828163
236.338943,1.046923
285.763080,0.875040
286.888132,1.125051
319.858391,1.031297
323.639814,0.828163
324.499228,0.859414
325.389894,0.890666
326.171180,0.781286
326.983717,0.812537
327.843132,0.859414
328.655669,0.812537
329.436954,0.781286
330.311995,0.875040
374.048371,0.765660
456.911539,0.734409
457.802205,0.890666
458.770999,0.968794
459.646039,0.875040
507.179465,0.953169
507.929500,0.750034
517.617443,0.937543
521.695755,0.781286
522.555169,0.859414
537.493353,0.906291
538.305890,0.812537
539.196556,0.890666
540.071596,0.875040
546.087496,0.781286
547.087542,1.000046
551.040848,0.843789
551.775257,0.734409
552.603420,0.828163
553.462834,0.859414
554.244120,0.781286
555.056657,0.812537
555.837943,0.781286
628.341261,0.781286
629.060044,0.718783
629.903833,0.843789
630.825750,0.921917
631.888299,1.062549
636.560388,0.828163
637.451053,0.890666
638.154211,0.703157
639.013625,0.859414
663.155355,1.078174
663.999144,0.843789
665.030441,1.031297
705.501043,0.765660
706.422961,0.921917
707.172995,0.750034
708.141789,0.968794
711.751329,0.562526
715.532753,0.718783
716.345290,0.812537
717.204704,0.859414
718.110996,0.906291
722.736207,0.843789
723.501867,0.765660
724.376907,0.875040
732.158514,0.781286
733.080431,0.921917
736.783725,0.781286
737.658765,0.875040
738.440051,0.781286
739.268214,0.828163
756.206489,0.859414
757.112781,0.906291
758.050324,0.937543
773.019759,0.906291
866.242776,0.890666
867.180319,0.937543
871.149251,0.734409
872.102420,0.953169
872.914957,0.812537
873.789997,0.875040
874.758791,0.968794
875.790088,1.031297
876.727631,0.937543
877.649549,0.921917
878.665220,1.015671
879.680892,1.015671
880.509054,0.828163
881.352843,0.843789
882.212257,0.859414
882.899789,0.687531
883.649823,0.750034
884.306103,0.656280
890.603266,0.937543
891.603312,1.000046
892.618984,1.015671
893.634655,1.015671
894.634701,1.000046
895.462864,0.828163
896.306653,0.843789
897.150441,0.843789
898.072358,0.921917
898.994276,0.921917
899.822438,0.828163
900.619350,0.796911
901.525641,0.906291
902.447559,0.921917
903.306973,0.859414
904.291393,0.984420
905.228936,0.937543
906.088350,0.859414
906.979016,0.890666
907.838430,0.859414
923.401643,0.859414
931.870780,0.937543
932.948955,1.078174
933.964626,1.015671
935.074052,1.109426
945.215141,0.921917
946.137058,0.921917
946.933970,0.796911
958.575128,0.562526
968.528708,0.812537
1007.671125,0.953169
1013.140126,1.015671
1019.124774,0.843789
1020.187323,1.062549
1021.265497,1.078174
1025.343809,0.906291
1026.156346,0.812537
1027.015761,0.859414
1032.094118,0.921917
1033.016035,0.921917
1034.047333,1.031297
1035.000501,0.953169
1035.953670,0.953169
1036.891213,0.937543
1037.906884,1.015671
1038.828801,0.921917
1039.766344,0.937543
1040.688262,0.921917
1041.547676,0.859414
1042.297710,0.750034
1043.110247,0.812537
1043.922785,0.812537
1044.672819,0.750034
1045.422853,0.750034
1046.251016,0.828163
1047.063553,0.812537
1047.860465,0.796911
1048.688628,0.828163
1049.579293,0.890666
1050.454334,0.875040
1051.313748,0.859414
1052.204414,0.890666
1053.173208,0.968794
1054.110751,0.937543
1054.938914,0.828163
1055.923334,0.984420
1056.829625,0.906291
1057.642163,0.812537
1058.439074,0.796911
1059.235986,0.796911
1060.048523,0.812537
1060.845434,0.796911
1061.673597,0.828163
1062.611140,0.937543
1063.517431,0.906291
1064.408097,0.890666
1065.376892,0.968794
1066.455066,1.078174
1067.376983,0.921917
1068.267649,0.890666
1069.236443,0.968794
1070.064606,0.828163
1070.830266,0.765660
1071.689681,0.859414
1072.549095,0.859414
1073.314755,0.765660
1074.158544,0.843789
1089.331113,0.734409
1090.299907,0.968794
1091.253076,0.953169
1092.268748,1.015671
1093.034408,0.765660
1093.831319,0.796911
1094.659482,0.828163
1095.565773,0.906291
1096.425188,0.859414
1097.237725,0.812537
1098.112765,0.875040
1099.034682,0.921917
1099.956599,0.921917
1100.769137,0.812537
1101.737931,0.968794
1102.706725,0.968794
1103.566140,0.859414
1104.519308,0.953169
1105.534980,1.015671
1106.363143,0.828163
1107.222557,0.859414
1108.097597,0.875040
1108.894509,0.796911
1109.722672,0.828163
1110.535209,0.812537
1111.425874,0.890666
1112.457172,1.031297
1113.441592,0.984420
1114.379135,0.937543
1115.316678,0.937543
1116.457355,1.140677
1117.566781,1.109426
1118.426195,0.859414
1119.363738,0.937543
1120.395035,1.031297
1121.410707,1.015671
1122.410752,1.000046
1123.410798,1.000046
1124.473347,1.062549
1125.457767,0.984420
1126.473438,1.015671
1127.504735,1.031297
1128.442278,0.937543
1129.442324,1.000046
1130.473621,1.031297
1131.395539,0.921917
1132.426836,1.031297
1133.473759,1.046923
1134.380050,0.906291
1135.395722,1.015671
1136.427019,1.031297
1137.380188,0.953169
1178.585199,0.765660
1268.808079,0.609403
1275.261499,0.937543
1275.980282,0.718783
1276.902199,0.921917
1277.808491,0.906291
1278.636653,0.828163
1279.542945,0.906291
1285.043197,0.890666
1285.824482,0.781286
1286.762025,0.937543
1287.683943,0.921917
1288.574608,0.890666
1289.480900,0.906291
1290.309063,0.828163
1291.215354,0.906291
1292.012266,0.796911
1292.809177,0.796911
1293.715469,0.906291
1294.731140,1.015671
1295.684309,0.953169
1296.793735,1.109426
1307.106707,0.921917
1308.122378,1.015671
1309.044295,0.921917
1309.872458,0.828163
1310.747498,0.875040
1311.622538,0.875040
1312.497578,0.875040
1313.356993,0.859414
1314.325787,0.968794
1315.310207,0.984420
1316.185247,0.875040
1317.091539,0.906291
1317.841573,0.750034
1318.779116,0.937543
1319.747910,0.968794
1320.701079,0.953169
1321.544868,0.843789
1322.544913,1.000046
1323.451205,0.906291
1334.873603,0.718783
1335.592386,0.718783
1403.501744,0.703157
1404.142398,0.640654
1404.908058,0.765660
1405.658092,0.750034
1406.329998,0.671906
1407.111284,0.781286
1407.923821,0.812537
1408.736358,0.812537
1409.486393,0.750034
1410.220801,0.734409
1411.064590,0.843789
1411.783373,0.718783
1412.595910,0.812537
1413.392822,0.796911
1453.316524,0.375017
1463.332608,0.843789
1464.223273,0.890666
1469.004742,0.625029
1537.804766,0.453146
1613.495731,0.750034
1881.507999,0.718783
1882.258034,0.750034
1882.992442,0.734409
1883.711225,0.718783
1884.633142,0.921917
1885.414428,0.781286
1886.148837,0.734409
1886.820742,0.671906
1887.555151,0.734409
1888.383314,0.828163
1889.242728,0.859414
1890.086517,0.843789
1890.820925,0.734409
1891.570960,0.750034
1892.414748,0.843789
1893.242911,0.828163
1893.899191,0.656280
1894.805483,0.906291
1895.571143,0.765660
1896.289926,0.718783
1908.477984,0.625029
1959.120927,0.625029
1959.808458,0.687531
1960.480364,0.671906
1961.230398,0.750034
1961.949181,0.718783
1962.652339,0.703157
1963.511753,0.859414
1964.355541,0.843789
1965.089950,0.734409
1965.933739,0.843789
1966.730650,0.796911
1967.465059,0.734409
1968.183842,0.718783
1968.902625,0.718783
1969.652659,0.750034
1970.355816,0.703157
1971.137102,0.781286
1971.918388,0.781286
1980.871922,0.765660
1985.544011,0.796911
1986.278420,0.734409
1987.012829,0.734409
1987.762863,0.750034
1988.466020,0.703157
1989.200429,0.734409
2025.092697,0.484397
2031.092971,0.609403
2031.546117,0.453146
2032.202397,0.656280
2034.765014,0.484397
2035.186909,0.421894
2035.718183,0.531274
2036.358837,0.640654
2039.671489,0.609403
2040.155886,0.484397
2040.780915,0.625029
2045.046735,0.640654
2049.796952,0.500023
2050.437607,0.640654
2050.906378,0.468771
2051.468904,0.562526
2060.094299,0.578151
2060.578696,0.484397
2061.078719,0.500023
2061.656870,0.578151
2062.235022,0.578151
2062.703793,0.468771
2063.313196,0.609403
2067.547765,0.562526
2068.047788,0.500023
2068.625939,0.578151
2069.094711,0.468771
2069.688488,0.593777
2070.172885,0.484397
2070.766662,0.593777
2071.235434,0.468771
2071.735457,0.500023
2072.235480,0.500023
2085.970483,0.437520
2086.595512,0.625029
2087.142412,0.546900
2087.704938,0.562526
2088.158083,0.453146
2088.736235,0.578151
2089.376889,0.640654
2098.674190,0.484397
2099.314844,0.640654
2099.830493,0.515649
2100.439896,0.609403
2101.002421,0.562526
2101.580573,0.578151
2102.158724,0.578151
2102.658747,0.500023
2103.190022,0.531274
2103.752547,0.562526
2104.236944,0.484397
2104.830722,0.593777
2105.330745,0.500023
2105.862019,0.531274
2106.377667,0.515649
2106.955819,0.578151
2111.815416,0.546900
2112.424819,0.609403
2112.909216,0.484397
2113.502994,0.593777
2113.987391,0.484397
2114.549917,0.562526
2115.049939,0.500023
2115.596839,0.546900
2116.096862,0.500023
2116.659388,0.562526
2119.847034,0.546900
2120.378308,0.531274
2120.987711,0.609403
2121.440857,0.453146
2150.254676,0.656280
2151.067213,0.812537
2151.770370,0.703157
2156.067442,0.703157
2156.739348,0.671906
2157.520633,0.781286
2158.286294,0.765660
2158.973825,0.687531
2159.755111,0.781286
2160.583274,0.828163
2161.348934,0.765660
2162.145845,0.796911
2162.895880,0.750034
2163.661540,0.765660
2164.380322,0.718783
2165.099105,0.718783
2165.817888,0.718783
2166.521045,0.703157
2167.286705,0.765660
2168.067991,0.781286
2168.849277,0.781286
2169.693066,0.843789
2170.474351,0.781286
2171.240011,0.765660
2172.036923,0.796911
2172.786957,0.750034
2173.521366,0.734409
2174.255774,0.734409
2174.943306,0.687531
2175.662089,0.718783
2176.365246,0.703157
2177.084029,0.718783
2177.818438,0.734409
2178.552846,0.734409
2179.349758,0.796911
2180.021663,0.671906
2180.849826,0.828163
2181.677989,0.828163
2182.662409,0.984420
2216.007686,0.609403
2216.523334,0.515649
2221.289177,0.640654
2221.945457,0.656280
2222.554860,0.609403
2228.836398,0.750034
2233.367855,0.640654
2234.149141,0.781286
2278.494921,0.500023
2283.526401,0.609403
2284.245184,0.718783
2284.932716,0.687531
2285.573370,0.640654
2286.323404,0.750034
2287.026561,0.703157
2287.682842,0.656280
2288.385999,0.703157
2289.104782,0.718783
2289.761062,0.656280
2290.401716,0.640654
2291.073622,0.671906
2295.401945,0.750034
2296.136353,0.734409
2296.870762,0.734409
2297.558294,0.687531
2298.292702,0.734409
2299.011485,0.718783
2299.730268,0.718783
2300.464677,0.734409
2301.167834,0.703157
2301.870991,0.703157
2302.574148,0.703157
2303.261680,0.687531
2303.949211,0.687531
2304.621117,0.671906
2305.324274,0.703157
2306.043057,0.718783
2306.730588,0.687531
2307.433746,0.703157
2308.168154,0.734409
2308.886937,0.718783
2309.636971,0.750034
2310.371380,0.734409
2311.121414,0.750034
2311.840197,0.718783
2322.481309,0.578151
2391.656351,0.859414
2392.593894,0.937543
2397.312860,0.750034
2401.625557,0.703157
2402.453720,0.828163
2403.141252,0.687531
2485.113754,0.640654
2485.707531,0.593777
2489.660837,0.609403
2490.363994,0.703157
2491.035900,0.671906
2491.707806,0.671906
2492.270331,0.562526
2492.942237,0.671906
2493.582891,0.640654
2494.254797,0.671906
2494.973580,0.718783
2495.739240,0.765660
2496.551777,0.812537
2497.286186,0.734409
2498.254980,0.968794
2498.926886,0.671906
2503.942741,0.640654
2504.692775,0.750034
2505.349055,0.656280
2506.067838,0.718783
2506.817872,0.750034
2507.567907,0.750034
2508.333567,0.765660
2509.099227,0.765660
2509.724255,0.625029
2553.945029,0.843789
2554.648187,0.703157
2555.366970,0.718783
2568.039425,0.671906
2568.930090,0.890666
2569.555119,0.625029
2577.414854,0.921917
2685.263541,0.625029
2685.888569,0.625029
2686.544849,0.656280
2687.263632,0.718783
2688.029292,0.765660
2688.810578,0.781286
2689.498109,0.687531
2690.201267,0.703157
2690.873172,0.671906
2691.638832,0.765660
2692.310738,0.671906
2693.045147,0.734409
2693.748304,0.703157
2694.482713,0.734409
2695.201495,0.718783
2695.935904,0.734409
2696.623435,0.687531
2697.357844,0.734409
2698.123504,0.765660
2698.811036,0.687531
2699.607947,0.796911
2700.326730,0.718783
2701.045513,0.718783
2701.795547,0.750034
2702.576833,0.781286
2703.311242,0.734409
2704.092527,0.781286
2704.826936,0.734409
2705.576970,0.750034
2706.342630,0.765660
2707.092665,0.750034
2707.811448,0.718783
2708.561482,0.750034
2709.327142,0.765660
2710.045925,0.718783
2710.811585,0.765660
2711.624122,0.812537
2712.374156,0.750034
2801.237599,0.640654
2805.815934,0.703157
2806.440962,0.625029
2807.175371,0.734409
2807.878528,0.703157
2808.534808,0.656280
2809.222340,0.687531
2809.925497,0.703157
2810.597403,0.671906
2811.238057,0.640654
2811.925588,0.687531
2812.659997,0.734409
2816.910192,0.750034
2817.597723,0.687531
2818.300880,0.703157
2819.004037,0.703157
2819.660317,0.656280
2820.363475,0.703157
2821.066632,0.703157
2821.847918,0.781286
2836.379833,0.640654
2836.879856,0.500023
2837.504884,0.625029
2838.020533,0.515649
2869.537601,0.671906
2870.225132,0.687531
2870.943915,0.718783
2871.647072,0.703157
2872.365855,0.718783
2873.069012,0.703157
2873.881549,0.812537
2874.569081,0.687531
2875.256612,0.687531
2876.022272,0.765660
2876.709804,0.687531
2877.428587,0.718783
2878.162995,0.734409
2878.834901,0.671906
2879.506807,0.671906
2880.209964,0.703157
2885.257070,0.765660
2885.975853,0.718783
2886.710262,0.734409
2887.413419,0.703157
2888.069699,0.656280
2888.757230,0.687531
2889.491639,0.734409
2890.163545,0.671906
2890.897953,0.734409
2891.679239,0.781286
2892.366771,0.687531
2892.976173,0.609403
2893.507448,0.531274
2894.007471,0.500023
2894.538745,0.531274
2908.320626,0.578151
2939.775191,0.468771
2986.589833,0.453146
2987.214862,0.625029
2987.652382,0.437520
2988.246159,0.593777
2988.793059,0.546900
2993.230762,0.437520
3001.856157,0.703157
3002.590566,0.734409
3003.356226,0.765660
3004.090635,0.734409
3044.983131,0.500023
3045.561283,0.578151
3045.998803,0.437520
3046.639457,0.640654
3047.108229,0.468771
3047.670754,0.562526
3048.155152,0.484397
3048.733303,0.578151
3082.250462,0.640654
3082.906742,0.656280
3083.484894,0.578151
3084.219302,0.734409
3084.750577,0.531274
3085.359980,0.609403
3086.000634,0.640654
3086.641288,0.640654
3087.297568,0.656280
3087.938223,0.640654
3088.610128,0.671906
3089.297660,0.687531
